4294967278,289
4294967278,275
4294967278,288
4294967279,446
4294967279,418
4294967279,259
4294967279,247
4294967279,119
4294967279,118
4294967279,116
4294967279,107
4294967279,445
4294967279,252
4294967279,240
4294967279,114
4294967279,239
4294967278,26
4294967278,88
4294967278,24
4294967278,23
4294967278,22
4294967278,20
4294967278,19
4294967278,17
4294967279,467
4294967279,227
4294967279,108
4294967279,225
4294967279,215
4294967279,102
4294967279,101
4294967279,470
4294967279,471
4294967279,469
4294967279,278
4294967279,25
4294967279,277
4294967279,24
4294967279,21
4294967279,20
4294967279,14
4294967279,468
4294967279,10
4294967278,226
4294967278,224
4294967278,216
4294967278,213
4294967278,381
4294967278,200
4294967278,195
146,5
146,4
4294967278,196
146,3
146,2
146,1
4294967278,387
4294967278,190
4294967279,460
4294967278,374
4294967278,165
143,6
143,5
143,4
4294967278,166
143,3
143,2
143,1
4294967278,337
4294967278,160
4294967278,159
4294967278,154
4294967278,155
4294967278,368
4294967278,153
4294967278,150
4294967278,149
4294967278,148
4294967278,146
4294967278,144
4294967278,364
140,6
4294967278,31
4294967278,21
4294967278,406
4294967278,140
4294967278,139
4294967278,138
4294967278,405
4294967278,136
140,5
4294967279,135
140,4
4294967278,134
140,3
140,2
140,1
4294967278,274
4294967279,18
4294967279,274
4294967278,270
4294967294,487
4294967279,273
4294967278,269
4294967279,16
4294967278,267
4294967278,404
4294967278,15
4294967278,14
4294967278,265
4294967279,287
4294967278,280
4294967278,361
4294967279,267
4294967294,1087
4294967278,262
138,5
138,4
138,3
138,2
138,1
4294967279,262
4294967294,161
4294967294,1159
4294967294,182
4294967278,250
4294967279,444
4294967278,247
4294967278,244
4294967278,242
135,5
4294967278,232
135,4
135,3
135,2
135,1
4294967278,220
4294967278,218
4294967278,211
4294967278,212
4294967278,210
4294967278,207
4294967294,167
4294967294,164
4294967294,180
4294967294,111
4294967294,466
4294967294,459
4294967294,116
4294967279,441
132,5
132,4
4294967278,202
132,3
132,2
132,1
4294967278,201
4294967278,197
131,7
4294967278,193
4294967278,192
4294967278,403
131,6
131,5
131,4
131,3
131,2
131,1
4294967278,182
4294967294,38
4294967294,37
4294967278,375
4294967278,402
4294967278,176
4294967279,434
4294967294,40
4294967278,172
4294967278,170
4294967278,301
4294967279,431
4294967279,429
128,5
128,4
128,3
128,2
128,1
127,5
127,4
127,3
127,2
127,1
126,4
126,3
126,2
126,1
4294967294,1160
4294967279,423
4294967278,367
125,5
125,4
125,3
125,2
125,1
124,4
124,3
124,2
124,1
4294967294,1423
123,4
123,3
123,2
123,1
4294967279,134
4294967278,401
122,6
122,5
122,4
122,3
122,2
122,1
4294967279,268
4294967294,12
4294967294,1424
121,6
121,5
121,4
121,3
121,2
121,1
4294967294,430
120,4
120,3
120,2
120,1
4294967294,163
4294967294,1153
4294967294,422
4294967279,416
4294967278,252
4294967294,395
4294967294,396
4294967294,399
4294967294,179
4294967294,421
4294967294,1243
4294967294,385
4294967294,384
4294967294,425
4294967294,183
4294967294,1078
4294967294,415
4294967294,457
4294967294,465
4294967294,404
118,4
118,3
118,2
118,1
4294967294,469
4294967278,243
4294967278,241
4294967294,16
4294967278,239
4294967279,386
4294967294,389
4294967294,114
4294967279,231
4294967279,391
4294967278,217
4294967279,464
4294967278,383
4294967278,209
4294967278,208
4294967278,206
4294967294,68
4294967294,11
4294967278,379
4294967278,310
4294967278,384
4294967278,0
4294967279,466
4294967279,463
4294967279,88
4294967279,465
4294967279,439
4294967278,187
4294967279,188
4294967278,186
4294967278,185
4294967278,184
4294967279,436
4294967278,181
4294967278,180
4294967278,179
4294967278,178
4294967278,177
4294967278,175
4294967294,392
4294967294,390
4294967279,304
4294967278,302
4294967279,432
4294967278,169
4294967278,168
4294967278,372
4294967278,167
4294967279,168
4294967279,163
117,5
117,4
117,3
117,2
117,1
4294967278,335
4294967294,1158
4294967294,1156
4294967294,1065
4294967279,424
4294967278,366
4294967278,365
4294967279,146
4294967278,363
114,6
114,5
114,4
114,3
114,2
114,1
4294967279,447
4294967279,260
4294967279,419
4294967279,271
4294967278,362
4294967279,288
4294967279,265
4294967294,115
4294967294,387
4294967294,388
4294967294,486
4294967279,396
4294967278,360
4294967279,281
4294967279,417
111,6
4294967278,356
4294967278,255
4294967294,43
4294967294,42
4294967278,253
4294967278,248
111,5
111,4
111,3
111,2
111,1
4294967294,1068
4294967294,186
4294967278,354
4294967279,385
4294967278,235
4294967278,230
4294967279,174
4294967279,0
4294967278,400
4294967279,229
4294967279,223
109,5
109,4
109,3
109,2
109,1
4294967294,99
4294967294,76
4294967294,393
4294967294,44
4294967294,15
4294967278,353
4294967279,384
4294967294,89
4294967294,441
4294967294,46
4294967294,120
4294967294,53
4294967294,417
4294967294,51
4294967278,382
4294967278,313
4294967294,82
4294967279,318
4294967294,107
4294967278,203
0,7
4294967294,1
4294967278,378
4294967279,440
4294967294,1163
4294967294,83
4294967294,88
4294967294,86
4294967294,85
4294967279,196
4294967294,92
4294967294,90
4294967278,377
4294967278,191
106,5
106,4
106,3
106,2
106,1
4294967294,5
4294967294,50
4294967294,419
4294967279,438
4294967278,376
4294967294,2
4294967294,184
4294967294,416
4294967294,175
4294967294,391
4294967279,437
4294967278,373
4294967294,84
4294967294,0
4294967294,1072
4294967294,1246
4294967294,91
4294967294,426
4294967294,1086
4294967294,87
4294967294,1245
4294967294,29
4294967294,28
4294967294,27
4294967294,45
4294967294,36
4294967294,94
4294967294,96
4294967278,370
4294967278,369
4294967278,171
4294967279,433
4294967278,340
4294967294,9
4294967294,8
103,5
4294967294,93
4294967294,95
103,4
103,3
103,2
103,1
4294967279,430
4294967279,169
4294967278,371
4294967278,300
4294967279,302
4294967279,428
102,7
4294967294,17
4294967279,427
4294967294,81
4294967294,26
4294967294,52
4294967294,41
4294967294,22
4294967294,67
4294967294,39
4294967294,25
4294967294,1085
4294967294,1069
4294967278,161
4294967279,404
4294967278,359
4294967278,132
4294967278,358
4294967278,131
4294967278,130
4294967278,256
4294967278,129
4294967278,357
4294967278,128
4294967278,127
4294967278,126
4294967278,355
4294967278,125
4294967278,319
4294967278,124
4294967278,123
4294967278,122
4294967278,251
4294967278,121
4294967278,120
4294967278,119
4294967278,245
4294967278,118
4294967278,117
4294967278,116
4294967278,115
4294967278,114
4294967278,113
4294967278,112
4294967278,233
4294967278,111
4294967278,231
4294967278,110
4294967278,174
